1329.617026933
613.98547631
1455.05776374
169.486792170001
99.2258846799996
1304.74169939
377.186635479999
1839.03658108
350.118008109999
630.43458071
1002.61346527
1016.3719276
844.8344292
3526.450703
0.0438302000002295
94.3209253000023
4036.2204507
379.256354699999
1793.2073209
2245.0524747
331.1168086
1874.6675512
1443.9968181
744.617782200003
906.787245699998
105.692468199999
1571.6687584
6569.02828
6802.4815406
2872.3048851
1173.65765340001
2490.7395407
319.591855999999
1244.8960551
693.643294300004
444.643291400003
5988.5285226
186.777661599997
5662.4004529
3856.20486290001
1286.92310879999
0.0396504999953322
2203.5150519
1871.66205320001
1443.91594980001
456.521601899993
439.838039300012
1690.6619507
2728.11353810001
1679.91615559999
3455.0441272
2128.55016520001
643.86291370001
198.475868699999
2053.62948270001
43.4050652000005
317.063062000001
2135.982137
13.3717515000026
1142.27899580001
403.559737599993
1466.54776140001
448.638942000005
32.9922080000106
660.779985999994
2883.290391
303.752825999996
4242.79193599999
1145.093851
3555.744397
158.180370000002
3005.42378500001
202.943031999996
813.806643000004
3179.14303799999
399.160290000014
803.588058000008
678.040357999998
77.2067519999982
1819.53527200001
233.008168
4503.13354600001
841.792685000008
2553.44329600001
200.169893999991
1766.37906100001
1880.380198
2983.24417599998
1345.676443
2775.64418500001
2330.441796
29.8714369999943
2585.00850200001
86.7115920000069
3680.538183
2154.37823900001
3098.13147600001
964.985347999987
2482.72870499999
2019.838835
1709.64787799999
597.210243000009
1045.29539499999
463.765943000006
2394.91081100001
112.548712999996
2160.752519
1541.21997000001
1415.057523
199.735086000001
311.945463000011
1492.58374500001
164.823492000025
1575.262304
624.465306000027
676.523787999991
1479.78015399998
844.588650999998
3665.167326
3693.942121
2941.82776000001
218.323149999982
0.0340640000067651
895.660121000023
2227.22508799998
1669.71006300001
510.578067000024
3785.139368
70.0016020000039
1159.69482100001
2718.24531799997
317.169017999986
0.0388640000019222
1759.25820099999
858.303289000003
0.0343740000098478
677.718284999981
482.210787000018
1720.50184700001
473.426704000012
3283.83306100001
450.970862999995
5709.265663
2402.02357399999
2088.23329600002
3079.28075899999
324.925276000024
5527.65458999999
5402.43953
1707.07422899999
657.312109999999
1343.043473
830.345300999994
422.105245999992
689.401479000022
679.388955000002
914.230767000001
1968.328194
370.861166000017
2175.98817500001
3704.55862600001
2084.43033100001
5311.424749
518.418047999963
2478.79994900001
191.712031000003
2772.93468100001
347.772328999999
310.148780999996
1243.00584
783.552545000042
918.374940000009
34.6857620000374
770.380325999984
2156.29074699996
1449.09610199998
0.0242330000037327
184.585292999982
548.175308999955
3817.44663700002
157.187823000015
795.556938999973
2556.08529000002
1470.240062
96.8395090000122
0.0283960000379011
2014.50533999997
718.485954999982
470.583293999953
3633.11280700006
339.629070999974
2009.97233700001
1688.76753300003
3.75413099996513
3483.71246000001
3570.99965499999
3419.19975899998
17.7338770000497
2464.28399599995
450.832571999985
899.083606
125.906326000055
1465.896251
2251.913504
631.612197000009
88.490587999986
327.485057000013
1499.67316499999
822.405559999985
1204.04236199998
3751.13035500003
339.660799000005
639.775359000021
75.9500879999832
913.884197000007
3679.89879300003
421.401477999985
621.174325000029
251.064558999962
96.5437690000399
2626.40311700001
902.476721999992
1841.08654799999
1720.41557299998
825.875531999976
904.849144000036
250.030514999991
61.7234029999818
306.020779999963
95.4988120000344
1836.089752
368.676763999974
306.732607000042
147.576885999995
1054.61042699998
392.504559999972
953.134594000003
1131.50920599996
1572.04866000003
1619.19544599997
283.835908000008
1424.56484899996
2717.83375399996
1922.79284999997
186.620847000042
1509.31086100003
709.37833799998
302.530100999982
4326.813394
2574.98354499997
1753.906112
805.390667000029
82.4822369999602
1293.605201
936.101528000028
298.295676000009
287.642485999968
2413.37456899998
3148.70266900002
1720.34582300001
927.98574600002
510.466208000027
3064.97525899997
1530.011146
540.132012000016
15.6933679999784
919.710785000003
2442.60245499999
154.696093000006
5645.418358
512.23679699999
3803.84583899996
178.794484000013
2732.18372899998
14.537089999998
761.339685000014
1440.19531799998
1346.26490200002
357.156036
737.754713999981
337.092683000024
2116.14951799996
231.830239000032
2111.19979899999
282.522852999973
3342.28244400001
2483.40827399999
1162.86274700001
1098.44339199999
878.494619000005
229.731028000009
2980.11577600002
2089.346899
327.599806999962
2020.57725099998
97.0558199999505
2537.47572600003
6573.35898099997
88.3199320000131
2642.68218799995
797.724537000002
917.123013000004
859.794331999961
1054.888805
2612.30165000004
2118.76165499998
3815.90399700002
5211.54449599999
464.360184999998
1165.08876000001
147.38468300004
1948.30374400003
6464.81201500003
691.583024000051
290.590116000036
160.64611500001
1173.68970599998
2594.54000099999
2463.38318399998
788.200373999949
855.618281999952
2849.13462099998
230.501622000011
4.57410899997922
610.311846000026
598.939415999979
56.423696999962
5057.08922599995
1175.03334600001
7224.54486299999
6639.39177400002
1065.404614
1744.36487400002
6209.38085400005
3338.77895199996
14.1317300000228
285.338532999973
337.088103999966
0.0273540000198409
576.317526000086
3992.59230300004
143.444029000006
1150.612585
1917.76809000003
1023.99433899997
2078.18486399995
1212.90724700002
911.370335999993
124.081525000045
2573.24379899993
2043.46057500003
1291.99468799995
2220.10150600004
788.479785999982
342.567486000014
3300.46186100005
4243.27090499992
377.128654
412.354492000071
585.112755000009
3095.61096799991
701.908542999998
690.475909999921
3242.59803400002
2544.12213699997
555.627826999989
0.0296079999534413
1797.26802600001
3513.84249800001
857.04720999999
576.73326499993
163.581043999991
1013.45700900001
4775.88591699989
108.984501999919
446.204297000077
1084.24032299989
1131.38764800003
1726.694349
3536.11079800001
1341.76032599993
63.3363370000152
5170.10449299996
685.010448000045
1037.50753599999
837.604132000008
4250.27695600002
364.876703000045
2046.35608399997
603.089946000022
210.776142999995
1351.65696100006
947.246907000081
418.953735999996
0.0302520000841469
6641.99797999999
1713.61566300003
124.796194000053
487.871191999991
5474.23323799996
1479.35258499999
3187.51010499999
2017.21274599992
1038.70740700001
734.675174999982
1900.36514100002
4562.85819900001
