0.0273000000000003
28.8418325
19.94135
4.354909
0.0223665000000004
0.0343849999999932
0.0497899999999998
24.471616
45.309108
1.76436
20.459894
0.0445250000000001
4.118465
0.0360099999999974
8.17427
16.268915
7.05237
0.0420550000000048
0.0304850000000059
0.041729999999994
0.0356200000000015
0.0245049999999978
0.0277549999999991
25.06023
3.71956
29.506035
0.0267149999999958
0.043244500000001
0.0287950000000023
30.792645
4.68156
1.257139
47.482825
6.847945
0.0387400000000007
0.0579150000000013
58.4656995
17.24489
0.035295000000005
15.856204
0.0445900000000066
0.0408849999999958
16.806205
59.7403768
18.1428
13.85982
15.05153
29.9463775
41.63991
52.0850525
0.0273585000000001
33.61852
12.982255
20.304154
7.55488500000001
0.0259609999999997
42.4831355
5.40839
8.24915
46.2538765
0.0415999999999954
3.55752605
13.74165
49.80079
0.0267149999999994
3.155035
0.0343849999999932
19.26977
21.491795
0.0362700000000018
7.37893
0.0421200000000042
36.434255
15.204085
0.0394251
35.791275
0.0854750000000024
0.0261950000000013
0.0321684999999992
51.49703
13.85982
0.040169999999998